220519
220518
220517
220516
220515
220514
220513
220512
220511
220510
220509
220508
220507
220506
220505
220504
220503
220502
220501
220430
220429
220428
220427
220426
220425
220424
220423
220422
220421
220420
220419
220418
220417
220416
220415
220414
220413
220412
220411
220410
220409
220408
220407
220406
220405
220404
220403
220402
220401
220331
220330
220329
220328
220327
220326
220325
220324
220323
220322
220321
220320
220319
220318
220317
220316
220315
220314
220313
220312
220311
220310
220309
220308
220307
220306
220305
220304
220303
220302
220301
220228
220227
220226
220225
220224
220223
220222
220221
220220
220219
220218
220217
220216
220215
220214
220213
220212
220211
220210
220209
220208
220207
220206
220205
220204
220203
220202
220201
220131
220130
220129
220128
220127
220126
220125
220124
220123
220122
220121
220120
220119
220118
220117
220116
220115
220114
220113
220112
220111
220110
220109
220108
220107
220106
220105
220104
220103
220102
220101
211231
211230
211229
211228
211227
211226
211225
211224
211223
211222
211221
211220
211219
211218
211217
211216
211215
211214
211213
211212
211211
211210
211209
211208
211207
211206
211205
211204
211203
211202
211201
211130
211129
211128
211127
211126
211125
211124
211123
211122
211121
211120
211119
211118
211117
211116
211115
211114
211113
211112
211111
211110
211109
211108
211107
211106
211105
211104
211103
211102
211101
211031
211030
211029
211028
211027
211026
211025
211024
211023
211022
211021
211020
211019
211018
211017
211016
211015
211014
211013
211012
211011
211010
211009
211008
211007
211006
211005
211004
211003
211002
211001
210930
210929
210928
210927
210926
210925
210924
210923
210922
210921
210920
210919
210918
210917
210916
210915
210914
210913
210912
210911
210910
210909
210908
210907
210906
210905
210904
210903
210902
210901
210831
210830
210829
210828
210827
210826
210825
210824
210823
210822
210821
210820
210819
210818
210817
210816
210815
210814
210813
210812
210811
210810
210809
210808
210807
210806
210805
210804
210803
210802
210801
210731
210730
210729
210728
210727
210726
210725
210724
210723
210722
210721
210720
210719
210718
210717
210716
210715
210714
210713
210712
210711
210710
210709
210708
210707
210706
210705
210704
210703
210702
210701
210630
210629
210628
210627
210626
210625
210624
210623
210622
210621
210620
210619
210618
210617
210616
210615
210614
210613
210612
210611
210610
210609
210608
210607
210606
210605
210604
210603
210602
210601
210531
210530
210529
210528
210527
210526
210525
210524
210523
210522
210521
210520
210519
210518
210517
210516
210515
210514
210513
210512
210511
210510
210509
210508
210507
210506
210505
210504
210503
210502
210501
210430
210429
210428
210427
210426
210425
210424
210423
210422
210421
210420
210419
210418
210417
210416
210415
210414
210413
210412
210411
210410
210409
210408
210407
210406
210405
210404
210403
210402
210401
210331
210330
210329
210328
210327
210326
210325
210324
210323
210322
210321
210320
210319
210318
210317
210316
210315
210314
210313
210312
210311
210310
210309
210308
210307
210306
210305
210304
210303
210228
210227
210226
210225
210224
210223
210222
210221
210220
210219
210218
210217
210216
210215
210214
210213
210212
210211
210210
210209
210208
210207
210206
210205
210204
210203
210202
210201
